num_sims, batch_size, no_hits_max, mold_cov_3d, mold_cov_surface
1 2.650481939315796 100 120 1 0.04930597951472434 2.3331045975884717
1 3.0205323696136475 100 120 2 0.05144127784016515 2.391922360552887
1 2.712942123413086 100 120 5 0.06803836936972787 2.9800999901970395
1 3.1413118839263916 100 120 10 0.07706485774545496 3.0781295951377317
1 4.389676570892334 100 120 50 0.09938843114779079 2.313498676600333
1 6.227722406387329 1000 120 1 0.4554008974076508 18.94912263503578
1 6.792788743972778 1000 120 2 0.4307479076502886 19.056955200470544
1 9.295276165008545 1000 120 5 0.4494802975052921 16.018037447309087
1 15.204900026321411 1000 120 10 0.5877893935849815 14.910302911479267
1 28.30378746986389 1000 120 50 1.3199055421668038 17.508087442407607
2 5.294373273849487 100 120 1 0.05901188099400078 2.8820703852563474
2 5.75588583946228 100 120 2 0.0775501528194188 3.3526124889716695
2 6.036352157592773 100 120 5 0.08444134286970506 3.2447799235369086
2 3.7614831924438477 100 120 10 0.07764721183421155 2.617390451916479
2 8.771174907684326 100 120 50 0.16878562672461736 3.176159200078424
2 12.748619079589844 1000 120 1 0.5841982100376492 22.78208018821684
2 14.01125955581665 1000 120 2 0.6064247244251922 22.664444662288012
2 18.23279309272766 1000 120 5 0.6253512323097813 19.939221644936772
2 30.41946840286255 1000 120 10 1.0943403917884191 16.929712773257524
2 60.66065263748169 1000 120 50 1.949721489157052 19.09616704244682
5 12.149708986282349 100 120 1 0.08220898552947148 3.627095382805607
5 12.788905382156372 100 120 2 0.0892942936093433 3.656504264287815
5 15.551042079925537 100 120 5 0.12025611932823516 4.058425644544653
5 15.854260206222534 100 120 10 0.16732974150272592 4.09763748652093
5 22.042710542678833 100 120 50 0.30398883433093826 3.989804921086168
5 30.148635625839233 1000 120 1 0.6356394878778143 22.282129203019313
5 34.9052951335907 1000 120 2 0.7834603674071947 24.8014900499951
5 46.46608209609985 1000 120 5 1.0184402422204772 22.223311440054896
5 78.61739134788513 1000 120 10 1.7351240074502499 20.037251249877464
5 159.13048911094666 1000 120 50 3.372218409959808 19.44907362023331
10 26.48922562599182 100 120 1 0.09725313282234997 4.058425644544653
10 26.164215564727783 100 120 2 0.10977374573061659 4.2446818939319675
10 28.775462865829468 100 120 5 0.15607089578676522 4.891677286540536
10 32.31769776344299 100 120 10 0.20042686554705857 4.499558866777767
10 44.47045373916626 100 120 50 0.45229500893428237 5.107342417410058
10 61.53106236457825 1000 120 1 0.8745987822976004 24.497598274678953
10 71.43771982192993 1000 120 2 1.0064049243861746 26.52681109695128
10 94.79367661476135 1000 120 5 1.4534587465216475 22.438976570924417
10 142.34218835830688 1000 120 10 2.1523807120443443 23.203607489461817
10 315.2829749584198 1000 120 50 4.9946569012356585 20.517596314086855
100 261.3442761898041 100 120 1 0.11597096382513457 4.3409469659837265
100 270.7629940509796 100 120 2 0.13912342121380064 4.72394863248701
100 284.43754839897156 100 120 5 0.19463244236393057 5.1742966375845505
100 315.43559885025024 100 120 10 0.2865453881923827 5.319772571316538
100 430.77397656440735 100 120 50 0.5935372284410089 5.067836486618959
100 618.2033715248108 1000 120 1 1.066837749356742 26.85726889520635
100 702.1542611122131 1000 120 2 1.2636782843072072 27.47191451818449
100 958.150422334671 1000 120 5 1.8904339605610399 26.39829428487403
100 1571.659115076065 1000 120 10 3.736138274154835 23.398588373688852
100 3109.3009083271027 1000 120 50 6.949660341977733 21.521223409469663
